*MAT_SIMPLIFIED_JOHNSON_COOK_TITLE
Johnson Cook simplified
         1      8220     2e+11       0.3         0
   4.6e+08   1.7e+09      0.65     0.017     1e+17     1e+28     1e+28     0.001
*SET_NODE_LIST_TITLE
bound_node_z_list
         1       0.0       0.0       0.0       0.0MECH
         1         2         3         4         5         6         7         8
         9        10        11        12        13        14        15        16
        17        18        19        20        21        22        23        24
        25        26        27        28        29        30        31        32
        33        34        35        36        37        38        39        40
        41        42        43        44        45        46        47        48
        49        50        51        52        53        54        55        56
        57        58        59        60        61        62        63        64
        65        66        67        68        69        70        71        72
        73        74        75        76        77        78        79        80
        81        82        83        84        85        86        87        88
        89        90        91        92        93        94        95        96
        97        98        99       100       101       102       103       104
       105       106       107       108       109       110       111       112
       113       114       115       116       117       118       119       120
       121       122       123       124       125       126       127       128
       129       130       131       132       133       134       135       136
       137       138       139       140       141       142       143       144
       145       146       147       148       149       150       151       152
       153       154       155       156       157       158       159       160
       161       162       163       164       165       166       167       168
       169       170       171       172       173       174       175       176
       177       178       179       180       181       182       183       184
       185       186       187       188       189       190       191       192
       193       194       195       196       197       198       199       200
       201       202       203       204       205       206       207       208
       209       210       211       212       213       214       215       216
       217       218       219       220       221       222       223       224
       225       226       227       228       229       230       231       232
       233       234       235       236       237       238       239       240
       241       242       243       244       245       246       247       248
       249       250       251       252       253       254       255       256
       257       258       259       260       261       262       263       264
       265       266       267       268       269       270       271       272
       273       274       275       276       277       278       279       280
       281       282       283       284       285       286       287       288
       289       290       291       292       293       294       295       296
       297       298       299       300       301       302       303       304
       305       306       307       308       309       310       311       312
       313       314       315       316       317       318       319       320
       321       322       323       324       325       326       327       328
       329       330       331       332       333       334       335       336
       337       338       339       340       341       342       343       344
       345       346       347       348       349       350       351       352
       353       354       355       356       357       358       359       360
       361       362       363       364       365       366       367       368
       369       370       371       372       373       374       375       376
       377       378       379       380       381       382       383       384
       385       386       387       388       389       390       391       392
       393       394       395       396       397       398       399       400
       401       402       403       404       405       406       407       408
       409       410       411       412       413       414       415       416
       417       418       419       420       421       422       423       424
       425       426       427       428       429       430       431       432
       433       434       435       436       437       438       439       440
       441       442       443       444       445       446       447       448
       449       450       451       452       453       454       455       456
       457       458       459       460       461       462       463       464
       465       466       467       468       469       470       471       472
       473       474       475       476       477       478       479       480
       481       482       483       484       485       486       487       488
       489       490       491       492       493       494       495       496
       497       498       499       500       501       502       503       504
       505       506       507       508       509       510       511       512
       513       514       515       516       517       518       519       520
       521       522       523       524       525       526       527       528
       529       530       531       532       533       534       535       536
       537       538       539       540       541       542       543       544
       545       546       547       548       549       550       551       552
       553       554       555       556       557       558       559       560
       561       562       563       564       565       566       567       568
       569       570       571       572       573       574       575       576
       577       578       579       580       581       582       583       584
       585       586       587       588       589       590       591       592
       593       594       595       596       597       598       599       600
       601       602       603       604       605       606       607       608
       609       610       611       612       613       614       615       616
       617       618       619       620       621       622       623       624
       625       626       627       628       629       630       631       632
       633       634       635       636       637       638       639       640
       641       642       643       644       645       646       647       648
       649       650       651       652       653       654       655       656
       657       658       659       660       661       662       663       664
       665       666       667       668       669       670       671       672
       673       674       675       676       677       678       679       680
       681       682       683       684       685       686       687       688
       689       690       691       692       693       694       695       696
       697       698       699       700       701       702       703       704
       705       706       707       708       709       710       711       712
       713       714       715       716       717       718       719       720
       721       722       723       724       725       726       727       728
       729       730       731       732       733       734       735       736
       737       738       739       740       741       742       743       744
       745       746       747       748       749       750       751       752
       753       754       755       756       757       758       759       760
       761       762       763       764       765       766       767       768
       769       770       771       772       773       774       775       776
       777       778       779       780       781       782       783       784
       785       786       787       788       789       790       791       792
       793       794       795       796       797       798       799       800
       801       802       803       804       805       806       807       808
       809       810       811       812       813       814       815       816
       817       818       819       820       821       822       823       824
       825       826       827       828       829       830       831       832
       833       834       835       836       837       838       839       840
       841       842       843       844       845       846       847       848
       849       850       851       852       853       854       855       856
       857       858       859       860       861       862       863       864
       865       866       867       868       869       870       871       872
       873       874       875       876       877       878       879       880
       881       882       883       884       885       886       887       888
       889       890       891       892       893       894       895       896
       897       898       899       900       901       902       903       904
       905       906       907       908       909       910       911       912
       913       914       915       916       917       918       919       920
       921       922       923       924       925       926       927       928
       929       930       931       932       933       934       935       936
       937       938       939       940       941       942       943       944
       945       946       947       948       949       950       951       952
       953       954       955       956       957       958       959       960
       961       962       963       964       965       966       967       968
       969       970       971       972       973       974       975       976
       977       978       979       980       981       982       983       984
       985       986       987       988       989       990       991       992
       993       994       995       996       997       998       999      1000
      1001      1002      1003      1004      1005      1006      1007      1008
      1009      1010      1011      1012      1013      1014      1015      1016
      1017      1018      1019      1020      1021      1022      1023      1024
      1025      1026      1027      1028      1029      1030      1031      1032
      1033      1034      1035      1036      1037      1038      1039      1040
      1041      1042      1043      1044      1045      1046      1047      1048
      1049      1050      1051      1052      1053      1054      1055      1056
      1057      1058      1059      1060      1061      1062      1063      1064
      1065      1066      1067      1068      1069      1070      1071      1072
      1073      1074      1075      1076      1077      1078      1079      1080
      1081      1082      1083      1084      1085      1086      1087      1088
      1089      1090      1091      1092      1093      1094      1095      1096
      1097      1098      1099      1100      1101      1102      1103      1104
      1105      1106      1107      1108      1109      1110      1111      1112
      1113      1114      1115      1116      1117      1118      1119      1120
      1121      1122      1123      1124      1125      1126      1127      1128
      1129      1130      1131      1132      1133      1134      1135      1136
      1137      1138      1139      1140      1141      1142      1143      1144
      1145      1146      1147      1148      1149      1150      1151      1152
      1153      1154      1155      1156      1157      1158      1159      1160
      1161      1162      1163      1164      1165      1166      1167      1168
      1169      1170      1171      1172      1173      1174      1175      1176
      1177      1178      1179      1180      1181      1182      1183      1184
      1185      1186      1187      1188      1189      1190      1191      1192
      1193      1194      1195      1196      1197      1198      1199      1200
      1201      1202      1203      1204      1205      1206      1207      1208
      1209      1210      1211      1212      1213      1214      1215      1216
      1217      1218      1219      1220      1221      1222      1223      1224
      1225      1226      1227      1228      1229      1230      1231      1232
      1233      1234      1235      1236      1237      1238      1239      1240
      1241      1242      1243      1244      1245      1246      1247      1248
      1249      1250      1251      1252      1253      1254      1255      1256
      1257      1258      1259      1260      1261      1262      1263      1264
      1265      1266      1267      1268      1269      1270      1271      1272
      1273      1274      1275      1276      1277      1278      1279      1280
      1281      1282      1283      1284      1285      1286      1287      1288
      1289      1290      1291      1292      1293      1294      1295      1296
      1297      1298      1299      1300      1301      1302      1303      1304
      1305      1306      1307      1308      1309      1310      1311      1312
      1313      1314      1315      1316      1317      1318      1319      1320
      1321      1322      1323      1324      1325      1326      1327      1328
      1329      1330      1331      1332      1333      1334      1335      1336
      1337      1338      1339      1340      1341      1342      1343      1344
      1345      1346      1347      1348      1349      1350      1351      1352
      1353      1354      1355      1356      1357      1358      1359      1360
      1361      1362      1363      1364      1365      1366      1367      1368
      1369      1370      1371      1372      1373      1374      1375      1376
      1377      1378      1379      1380      1381      1382      1383      1384
      1385      1386      1387      1388      1389      1390      1391      1392
      1393      1394      1395      1396      1397      1398      1399      1400
      1401      1402      1403      1404      1405      1406      1407      1408
      1409      1410      1411      1412      1413      1414      1415      1416
      1417      1418      1419      1420      1421      1422      1423      1424
      1425      1426      1427      1428      1429      1430      1431      1432
      1433      1434      1435      1436      1437      1438      1439      1440
      1441      1442      1443      1444      1445      1446      1447      1448
      1449      1450      1451      1452      1453      1454      1455      1456
      1457      1458      1459      1460      1461      1462      1463      1464
      1465      1466      1467      1468      1469      1470      1471      1472
      1473      1474      1475      1476      1477      1478      1479      1480
      1481      1482      1483      1484      1485      1486      1487      1488
      1489      1490      1491      1492      1493      1494      1495      1496
      1497      1498      1499      1500      1501      1502      1503      1504
      1505      1506      1507      1508      1509      1510      1511      1512
      1513      1514      1515      1516      1517      1518      1519      1520
      1521      1522      1523      1524      1525      1526      1527      1528
      1529      1530      1531      1532      1533      1534      1535      1536
      1537      1538      1539      1540      1541      1542      1543      1544
      1545      1546      1547      1548      1549      1550      1551      1552
      1553      1554      1555      1556      1557      1558      1559      1560
      1561      1562      1563      1564      1565      1566      1567      1568
      1569      1570      1571      1572      1573      1574      1575      1576
      1577      1578      1579      1580      1581      1582      1583      1584
      1585      1586      1587      1588      1589      1590      1591      1592
      1593      1594      1595      1596      1597      1598      1599      1600
      1601      1602      1603      1604      1605      1606      1607      1608
      1609      1610      1611      1612      1613      1614      1615      1616
      1617      1618      1619      1620      1621      1622      1623      1624
      1625      1626      1627      1628      1629      1630      1631      1632
      1633      1634      1635      1636      1637      1638      1639      1640
      1641      1642      1643      1644      1645      1646      1647      1648
      1649      1650      1651      1652      1653      1654      1655      1656
      1657      1658      1659      1660      1661      1662      1663      1664
      1665      1666      1667      1668      1669      1670      1671      1672
      1673      1674      1675      1676      1677      1678      1679      1680
      1681      1682      1683      1684      1685      1686      1687      1688
      1689      1690      1691      1692      1693      1694      1695      1696
      1697      1698      1699      1700      1701      1702      1703      1704
      1705      1706      1707      1708      1709      1710      1711      1712
      1713      1714      1715      1716      1717      1718      1719      1720
      1721      1722      1723      1724      1725      1726      1727      1728
      1729      1730      1731      1732      1733      1734      1735      1736
      1737      1738      1739      1740      1741      1742      1743      1744
      1745      1746      1747      1748      1749      1750      1751      1752
      1753      1754      1755      1756      1757      1758      1759      1760
      1761      1762      1763      1764      1765      1766      1767      1768
      1769      1770      1771      1772      1773      1774      1775      1776
      1777      1778      1779      1780      1781      1782      1783      1784
      1785      1786      1787      1788      1789      1790      1791      1792
      1793      1794      1795      1796      1797      1798      1799      1800
      1801      1802      1803      1804      1805      1806      1807      1808
      1809      1810      1811      1812      1813      1814      1815      1816
      1817      1818      1819      1820      1821      1822      1823      1824
      1825      1826      1827      1828      1829      1830      1831      1832
      1833      1834      1835      1836      1837      1838      1839      1840
      1841      1842      1843      1844      1845      1846      1847      1848
      1849      1850      1851      1852      1853      1854      1855      1856
      1857      1858      1859      1860      1861      1862      1863      1864
      1865      1866      1867      1868      1869      1870      1871      1872
      1873      1874      1875      1876      1877      1878      1879      1880
      1881      1882      1883      1884      1885      1886      1887      1888
      1889      1890      1891      1892      1893      1894      1895      1896
      1897      1898      1899      1900      1901      1902      1903      1904
      1905      1906      1907      1908      1909      1910      1911      1912
      1913      1914      1915      1916      1917      1918      1919      1920
      1921      1922      1923      1924      1925      1926      1927      1928
      1929      1930      1931      1932      1933      1934      1935      1936
      1937      1938      1939      1940      1941      1942      1943      1944
      1945      1946      1947      1948      1949      1950      1951      1952
      1953      1954      1955      1956      1957      1958      1959      1960
      1961      1962      1963      1964      1965      1966      1967      1968
      1969      1970      1971      1972      1973      1974      1975      1976
      1977      1978      1979      1980      1981      1982      1983      1984
      1985      1986      1987      1988      1989      1990      1991      1992
      1993      1994      1995      1996      1997      1998      1999      2000
      2001      2002      2003      2004      2005      2006      2007      2008
      2009      2010      2011      2012      2013      2014      2015      2016
      2017      2018      2019      2020      2021      2022      2023      2024
      2025      2026      2027      2028      2029      2030      2031      2032
      2033      2034      2035      2036      2037      2038      2039      2040
      2041      2042      2043      2044      2045      2046      2047      2048
      2049      2050      2051      2052      2053      2054      2055      2056
      2057      2058      2059      2060      2061      2062      2063      2064
      2065      2066      2067      2068      2069      2070      2071      2072
      2073      2074      2075      2076      2077      2078      2079      2080
      2081      2082      2083      2084      2085      2086      2087      2088
      2089      2090      2091      2092      2093      2094      2095      2096
      2097      2098      2099      2100      2101      2102      2103      2104
      2105      2106      2107      2108      2109      2110      2111      2112
      2113      2114      2115      2116      2117      2118      2119      2120
      2121      2122      2123      2124      2125      2126      2127      2128
      2129      2130      2131      2132      2133      2134      2135      2136
      2137      2138      2139      2140      2141      2142      2143      2144
      2145      2146      2147      2148      2149      2150      2151      2152
      2153      2154      2155      2156      2157      2158      2159      2160
      2161      2162      2163      2164      2165      2166      2167      2168
      2169      2170      2171      2172      2173      2174      2175      2176
      2177      2178      2179      2180      2181      2182      2183      2184
      2185      2186      2187      2188      2189      2190      2191      2192
      2193      2194      2195      2196      2197      2198      2199      2200
      2201      2202      2203      2204      2205      2206      2207      2208
      2209      2210      2211      2212      2213      2214      2215      2216
      2217      2218      2219      2220      2221      2222      2223      2224
      2225      2226      2227      2228      2229      2230      2231      2232
      2233      2234      2235      2236      2237      2238      2239      2240
      2241      2242      2243      2244      2245      2246      2247      2248
      2249      2250      2251      2252      2253      2254      2255      2256
      2257      2258      2259      2260      2261      2262      2263      2264
      2265      2266      2267      2268      2269      2270      2271      2272
      2273      2274      2275      2276      2277      2278      2279      2280
      2281      2282      2283      2284      2285      2286      2287      2288
      2289      2290      2291      2292      2293      2294      2295      2296
      2297      2298      2299      2300      2301      2302      2303      2304
      2305      2306      2307      2308      2309      2310      2311      2312
      2313      2314      2315      2316      2317      2318      2319      2320
      2321      2322      2323      2324      2325      2326      2327      2328
      2329      2330      2331      2332      2333      2334      2335      2336
      2337      2338      2339      2340      2341      2342      2343      2344
      2345      2346      2347      2348      2349      2350      2351      2352
      2353      2354      2355      2356      2357      2358      2359      2360
      2361      2362      2363      2364      2365      2366      2367      2368
      2369      2370      2371      2372      2373      2374      2375      2376
      2377      2378      2379      2380      2381      2382      2383      2384
      2385      2386      2387      2388      2389      2390      2391      2392
      2393      2394      2395      2396      2397      2398      2399      2400
      2401      2402      2403      2404      2405      2406      2407      2408
      2409      2410      2411      2412      2413      2414      2415      2416
      2417      2418      2419      2420      2421      2422      2423      2424
      2425      2426      2427      2428      2429      2430      2431      2432
      2433      2434      2435      2436      2437      2438      2439      2440
      2441      2442      2443      2444      2445      2446      2447      2448
      2449      2450      2451      2452      2453      2454      2455      2456
      2457      2458      2459      2460      2461      2462      2463      2464
      2465      2466      2467      2468      2469      2470      2471      2472
      2473      2474      2475      2476      2477      2478      2479      2480
      2481      2482      2483      2484      2485      2486      2487      2488
      2489      2490      2491      2492      2493      2494      2495      2496
      2497      2498      2499      2500      2501      2502      2503      2504
      2505      2506      2507      2508      2509      2510      2511      2512
      2513      2514      2515      2516      2517      2518      2519      2520
      2521      2522      2523      2524      2525      2526      2527      2528
      2529      2530      2531      2532      2533      2534      2535      2536
      2537      2538      2539      2540      2541      2542      2543      2544
      2545      2546      2547      2548      2549      2550      2551      2552
      2553      2554      2555      2556      2557      2558      2559      2560
      2561      2562      2563      2564      2565      2566      2567      2568
      2569      2570      2571      2572      2573      2574      2575      2576
      2577      2578      2579      2580      2581      2582      2583      2584
      2585      2586      2587      2588      2589      2590      2591      2592
      2593      2594      2595      2596      2597      2598      2599      2600
      2601      2602      2603      2604      2605      2606      2607      2608
      2609      2610      2611      2612      2613      2614      2615      2616
      2617      2618      2619      2620      2621      2622      2623      2624
      2625      2626      2627      2628      2629      2630      2631      2632
      2633      2634      2635      2636      2637      2638      2639      2640
      2641      2642      2643      2644      2645      2646      2647      2648
      2649      2650      2651      2652      2653      2654      2655      2656
      2657      2658      2659      2660      2661      2662      2663      2664
      2665      2666      2667      2668      2669      2670      2671      2672
      2673      2674      2675      2676      2677      2678      2679      2680
      2681      2682      2683      2684      2685      2686      2687      2688
      2689      2690      2691      2692      2693      2694      2695      2696
      2697      2698      2699      2700      2701      2702      2703      2704
      2705      2706      2707      2708      2709      2710      2711      2712
      2713      2714      2715      2716      2717      2718      2719      2720
      2721      2722      2723      2724      2725      2726      2727      2728
      2729      2730      2731      2732      2733      2734      2735      2736
      2737      2738      2739      2740      2741      2742      2743      2744
      2745      2746      2747      2748      2749      2750      2751      2752
      2753      2754      2755      2756      2757      2758      2759      2760
      2761      2762      2763      2764      2765      2766      2767      2768
      2769      2770      2771      2772      2773      2774      2775      2776
      2777      2778      2779      2780      2781      2782      2783      2784
      2785      2786      2787      2788      2789      2790      2791      2792
      2793      2794      2795      2796      2797      2798      2799      2800
      2801      2802      2803      2804      2805      2806      2807      2808
      2809      2810      2811      2812      2813      2814      2815      2816
      2817      2818      2819      2820      2821      2822      2823      2824
      2825      2826      2827      2828      2829      2830      2831      2832
      2833      2834      2835      2836      2837      2838      2839      2840
      2841      2842      2843      2844      2845      2846      2847      2848
      2849      2850      2851      2852      2853      2854      2855      2856
      2857      2858      2859      2860      2861      2862      2863      2864
      2865      2866      2867      2868      2869      2870      2871      2872
      2873      2874      2875      2876      2877      2878      2879      2880
      2881      2882      2883      2884      2885      2886      2887      2888
      2889      2890      2891      2892      2893      2894      2895      2896
      2897      2898      2899      2900      2901      2902      2903      2904
      2905      2906      2907      2908      2909      2910      2911      2912
      2913      2914      2915      2916      2917      2918      2919      2920
      2921      2922      2923      2924      2925      2926      2927      2928
      2929      2930      2931      2932      2933      2934      2935      2936
      2937      2938      2939      2940      2941      2942      2943      2944
      2945      2946      2947      2948      2949      2950      2951      2952
      2953      2954      2955      2956      2957      2958      2959      2960
      2961      2962      2963      2964      2965      2966      2967      2968
      2969      2970      2971      2972      2973      2974      2975      2976
      2977      2978      2979      2980      2981      2982      2983      2984
      2985      2986      2987      2988      2989      2990      2991      2992
      2993      2994      2995      2996      2997      2998      2999      3000
      3001      3002      3003      3004      3005      3006      3007      3008
      3009      3010      3011      3012      3013      3014      3015      3016
      3017      3018      3019      3020      3021      3022      3023      3024
      3025      3026      3027      3028      3029      3030      3031      3032
      3033      3034      3035      3036      3037      3038      3039      3040
      3041      3042      3043      3044      3045      3046      3047      3048
      3049      3050      3051      3052      3053      3054      3055      3056
      3057      3058      3059      3060      3061      3062      3063      3064
      3065      3066      3067      3068      3069      3070      3071      3072
      3073      3074      3075      3076      3077      3078      3079      3080
      3081      3082      3083      3084      3085      3086      3087      3088
      3089      3090      3091      3092      3093      3094      3095      3096
      3097      3098      3099      3100      3101      3102      3103      3104
      3105      3106      3107      3108      3109      3110      3111      3112
      3113      3114      3115      3116      3117      3118      3119      3120
      3121      3122      3123      3124      3125      3126      3127      3128
      3129      3130      3131      3132      3133      3134      3135      3136
      3137      3138      3139      3140      3141      3142      3143      3144
      3145      3146      3147      3148      3149      3150      3151      3152
      3153      3154      3155      3156      3157      3158      3159      3160
      3161      3162      3163      3164      3165      3166      3167      3168
      3169      3170      3171      3172      3173      3174      3175      3176
      3177      3178      3179      3180      3181      3182      3183      3184
      3185      3186      3187      3188      3189      3190      3191      3192
      3193      3194      3195      3196      3197      3198      3199      3200
      3201      3202      3203      3204      3205      3206      3207      3208
      3209      3210      3211      3212      3213      3214      3215      3216
      3217      3218      3219      3220      3221      3222      3223      3224
      3225      3226      3227      3228      3229      3230      3231      3232
      3233      3234      3235      3236      3237      3238      3239      3240
      3241      3242      3243      3244      3245      3246      3247      3248
      3249      3250      3251      3252      3253      3254      3255      3256
      3257      3258      3259      3260      3261      3262      3263      3264
      3265      3266      3267      3268      3269      3270      3271      3272
      3273      3274      3275      3276      3277      3278      3279      3280
      3281      3282      3283      3284      3285      3286      3287      3288
      3289      3290      3291      3292      3293      3294      3295      3296
      3297      3298      3299      3300      3301      3302      3303      3304
      3305      3306      3307      3308      3309      3310      3311      3312
      3313      3314      3315      3316      3317      3318      3319      3320
      3321      3322      3323      3324      3325      3326      3327      3328
      3329      3330      3331      3332      3333      3334      3335      3336
      3337      3338      3339      3340      3341      3342      3343      3344
      3345      3346      3347      3348      3349      3350      3351      3352
      3353      3354      3355      3356      3357      3358      3359      3360
      3361      3362      3363      3364      3365      3366      3367      3368
      3369      3370      3371      3372      3373      3374      3375      3376
      3377      3378      3379      3380      3381      3382      3383      3384
      3385      3386      3387      3388      3389      3390      3391      3392
      3393      3394      3395      3396      3397      3398      3399      3400
      3401      3402      3403      3404      3405      3406      3407      3408
      3409      3410      3411      3412      3413      3414      3415      3416
      3417      3418      3419      3420      3421      3422      3423      3424
      3425      3426      3427      3428      3429      3430      3431      3432
      3433      3434      3435      3436      3437      3438      3439      3440
      3441      3442      3443      3444      3445      3446      3447      3448
      3449      3450      3451      3452      3453      3454      3455      3456
      3457      3458      3459      3460      3461      3462      3463      3464
      3465      3466      3467      3468      3469      3470      3471      3472
      3473      3474      3475      3476      3477      3478      3479      3480
      3481      3482      3483      3484      3485      3486      3487      3488
      3489      3490      3491      3492      3493      3494      3495      3496
      3497      3498      3499      3500      3501      3502      3503      3504
      3505      3506      3507      3508      3509      3510      3511      3512
      3513      3514      3515      3516      3517      3518      3519      3520
      3521      3522      3523      3524      3525      3526      3527      3528
      3529      3530      3531      3532      3533      3534      3535      3536
      3537      3538      3539      3540      3541      3542      3543      3544
      3545      3546      3547      3548      3549      3550      3551      3552
      3553      3554      3555      3556      3557      3558      3559      3560
      3561      3562      3563      3564      3565      3566      3567      3568
      3569      3570      3571      3572      3573      3574      3575      3576
      3577      3578      3579      3580      3581      3582      3583      3584
      3585      3586      3587      3588      3589      3590      3591      3592
      3593      3594      3595      3596      3597      3598      3599      3600
      3601      3602      3603      3604      3605      3606      3607      3608
      3609      3610      3611      3612      3613      3614      3615      3616
      3617      3618      3619      3620      3621      3622      3623      3624
      3625      3626      3627      3628      3629      3630      3631      3632
      3633      3634      3635      3636      3637      3638      3639      3640
      3641      3642      3643      3644      3645      3646      3647      3648
      3649      3650      3651      3652      3653      3654      3655      3656
      3657      3658      3659      3660      3661      3662      3663      3664
      3665      3666      3667      3668      3669      3670      3671      3672
      3673      3674      3675      3676      3677      3678      3679      3680
      3681      3682      3683      3684      3685      3686      3687      3688
      3689      3690      3691      3692      3693      3694      3695      3696
      3697      3698      3699      3700      3701      3702      3703      3704
      3705      3706      3707      3708      3709      3710      3711      3712
      3713      3714      3715      3716      3717      3718      3719      3720
      3721         0         0         0         0         0         0         0
*SET_NODE_LIST_TITLE
bound_node_x_list
         2       0.0       0.0       0.0       0.0MECH
         1        61        62       122       123       183       184       244
       245       305       306       366       367       427       428       488
       489       549       550       610       611       671       672       732
       733       793       794       854       855       915       916       976
       977      1037      1038      1098      1099      1159      1160      1220
      1221      1281      1282      1342      1343      1403      1404      1464
      1465      1525      1526      1586      1587      1647      1648      1708
      1709      1769      1770      1830      1831      1891      1892      1952
      1953      2013      2014      2074      2075      2135      2136      2196
      2197      2257      2258      2318      2319      2379      2380      2440
      2441      2501      2502      2562      2563      2623      2624      2684
      2685      2745      2746      2806      2807      2867      2868      2928
      2929      2989      2990      3050      3051      3111      3112      3172
      3173      3233      3234      3294      3295      3355      3356      3416
      3417      3477      3478      3538      3539      3599      3600      3660
      3661      3721      3722      3782      3783      3843      3844      3904
      3905      3965      3966      4026      4027      4087      4088      4148
      4149      4209      4210      4270      4271      4331      4332      4392
      4393      4453      4454      4514      4515      4575      4576      4636
      4637      4697      4698      4758      4759      4819      4820      4880
      4881      4941      4942      5002      5003      5063      5064      5124
      5125      5185      5186      5246      5247      5307      5308      5368
      5369      5429      5430      5490      5491      5551      5552      5612
      5613      5673      5674      5734      5735      5795      5796      5856
      5857      5917      5918      5978      5979      6039      6040      6100
      6101      6161      6162      6222      6223      6283      6284      6344
      6345      6405      6406      6466      6467      6527      6528      6588
      6589      6649      6650      6710      6711      6771      6772      6832
      6833      6893      6894      6954      6955      7015      7016      7076
      7077      7137      7138      7198      7199      7259      7260      7320
      7321      7381      7382      7442      7443      7503      7504      7564
      7565      7625      7626      7686      7687      7747      7748      7808
      7809      7869      7870      7930      7931      7991      7992      8052
      8053      8113      8114      8174      8175      8235      8236      8296
      8297      8357      8358      8418      8419      8479      8480      8540
      8541      8601      8602      8662      8663      8723      8724      8784
      8785      8845      8846      8906      8907      8967      8968      9028
      9029      9089      9090      9150      9151      9211      9212      9272
      9273      9333      9334      9394      9395      9455      9456      9516
      9517      9577      9578      9638      9639      9699      9700      9760
      9761      9821      9822      9882      9883      9943      9944     10004
     10005     10065     10066     10126     10127     10187     10188     10248
     10249     10309     10310     10370     10371     10431     10432     10492
     10493     10553     10554     10614     10615     10675     10676     10736
     10737     10797     10798     10858     10859     10919     10920     10980
     10981     11041     11042     11102     11103     11163     11164     11224
     11225     11285     11286     11346     11347     11407     11408     11468
     11469     11529     11530     11590     11591     11651     11652     11712
     11713     11773     11774     11834     11835     11895     11896     11956
     11957     12017     12018     12078     12079     12139     12140     12200
     12201     12261     12262     12322     12323     12383     12384     12444
     12445     12505     12506     12566     12567     12627     12628     12688
     12689     12749     12750     12810     12811     12871     12872     12932
     12933     12993     12994     13054     13055     13115     13116     13176
     13177     13237     13238     13298     13299     13359     13360     13420
     13421     13481     13482     13542     13543     13603     13604     13664
     13665     13725     13726     13786     13787     13847     13848     13908
     13909     13969     13970     14030     14031     14091     14092     14152
     14153     14213     14214     14274     14275     14335     14336     14396
     14397     14457     14458     14518     14519     14579     14580     14640
     14641     14701     14702     14762     14763     14823     14824     14884
     14885     14945     14946     15006     15007     15067     15068     15128
     15129     15189     15190     15250     15251     15311     15312     15372
     15373     15433     15434     15494     15495     15555     15556     15616
     15617     15677     15678     15738     15739     15799     15800     15860
     15861     15921     15922     15982     15983     16043     16044     16104
     16105     16165     16166     16226     16227     16287     16288     16348
     16349     16409     16410     16470     16471     16531     16532     16592
     16593     16653     16654     16714     16715     16775     16776     16836
     16837     16897     16898     16958     16959     17019     17020     17080
     17081     17141     17142     17202     17203     17263     17264     17324
     17325     17385     17386     17446     17447     17507     17508     17568
     17569     17629     17630     17690     17691     17751     17752     17812
     17813     17873     17874     17934     17935     17995     17996     18056
     18057     18117     18118     18178     18179     18239     18240     18300
     18301     18361     18362     18422     18423     18483     18484     18544
     18545     18605     18606     18666     18667     18727     18728     18788
     18789     18849     18850     18910     18911     18971     18972     19032
     19033     19093     19094     19154     19155     19215     19216     19276
     19277     19337     19338     19398     19399     19459     19460     19520
     19521     19581     19582     19642     19643     19703     19704     19764
     19765     19825     19826     19886     19887     19947     19948     20008
     20009     20069     20070     20130     20131     20191     20192     20252
     20253     20313     20314     20374     20375     20435     20436     20496
     20497     20557     20558     20618     20619     20679     20680     20740
     20741     20801     20802     20862     20863     20923     20924     20984
     20985     21045     21046     21106     21107     21167     21168     21228
     21229     21289     21290     21350     21351     21411     21412     21472
     21473     21533     21534     21594     21595     21655     21656     21716
     21717     21777     21778     21838     21839     21899     21900     21960
     21961     22021     22022     22082     22083     22143     22144     22204
     22205     22265     22266     22326     22327     22387     22388     22448
     22449     22509     22510     22570     22571     22631     22632     22692
     22693     22753     22754     22814     22815     22875     22876     22936
     22937     22997     22998     23058     23059     23119     23120     23180
     23181     23241     23242     23302     23303     23363     23364     23424
     23425     23485     23486     23546     23547     23607     23608     23668
     23669     23729     23730     23790     23791     23851     23852     23912
     23913     23973     23974     24034     24035     24095     24096     24156
     24157     24217     24218     24278     24279     24339     24340     24400
     24401     24461     24462     24522     24523     24583     24584     24644
     24645     24705     24706     24766     24767     24827     24828     24888
     24889     24949     24950     25010     25011     25071     25072     25132
     25133     25193     25194     25254     25255     25315     25316     25376
     25377     25437     25438     25498     25499     25559     25560     25620
     25621     25681     25682     25742     25743     25803     25804     25864
     25865     25925     25926     25986     25987     26047     26048     26108
     26109     26169     26170     26230     26231     26291     26292     26352
     26353     26413     26414     26474     26475     26535     26536     26596
     26597     26657     26658     26718     26719     26779     26780     26840
     26841     26901     26902     26962     26963     27023     27024     27084
     27085     27145     27146     27206     27207     27267     27268     27328
     27329     27389     27390     27450     27451     27511     27512     27572
     27573     27633     27634     27694     27695     27755     27756     27816
     27817     27877     27878     27938     27939     27999     28000     28060
     28061     28121     28122     28182     28183     28243     28244     28304
     28305     28365     28366     28426     28427     28487     28488     28548
     28549     28609     28610     28670     28671     28731     28732     28792
     28793     28853     28854     28914     28915     28975     28976     29036
     29037     29097     29098     29158     29159     29219     29220     29280
     29281     29341     29342     29402     29403     29463     29464     29524
     29525     29585     29586     29646     29647     29707     29708     29768
     29769     29829     29830     29890     29891     29951     29952     30012
     30013     30073     30074     30134     30135     30195     30196     30256
     30257     30317     30318     30378     30379     30439     30440     30500
     30501     30561     30562     30622     30623     30683     30684     30744
     30745     30805     30806     30866     30867     30927     30928     30988
     30989     31049     31050     31110     31111     31171     31172     31232
     31233     31293     31294     31354     31355     31415     31416     31476
     31477     31537     31538     31598     31599     31659     31660     31720
     31721     31781     31782     31842     31843     31903     31904     31964
     31965     32025     32026     32086     32087     32147     32148     32208
     32209     32269     32270     32330     32331     32391     32392     32452
     32453     32513     32514     32574     32575     32635     32636     32696
     32697     32757     32758     32818     32819     32879     32880     32940
     32941     33001     33002     33062     33063     33123     33124     33184
     33185     33245     33246     33306     33307     33367     33368     33428
     33429     33489     33490     33550     33551     33611     33612     33672
     33673     33733     33734     33794     33795     33855     33856     33916
     33917     33977     33978     34038     34039     34099     34100     34160
     34161     34221     34222     34282     34283     34343     34344     34404
     34405     34465     34466     34526     34527     34587     34588     34648
     34649     34709     34710     34770     34771     34831     34832     34892
     34893     34953     34954     35014     35015     35075     35076     35136
     35137     35197     35198     35258     35259     35319     35320     35380
     35381     35441     35442     35502     35503     35563     35564     35624
     35625     35685     35686     35746     35747     35807     35808     35868
     35869     35929     35930     35990     35991     36051     36052     36112
     36113     36173     36174     36234     36235     36295     36296     36356
     36357     36417     36418     36478     36479     36539     36540     36600
     36601     36661     36662     36722     36723     36783     36784     36844
     36845     36905     36906     36966     36967     37027     37028     37088
     37089     37149     37150     37210     37211     37271     37272     37332
     37333     37393     37394     37454     37455     37515     37516     37576
     37577     37637     37638     37698     37699     37759     37760     37820
     37821     37881     37882     37942     37943     38003     38004     38064
     38065     38125     38126     38186     38187     38247     38248     38308
     38309     38369     38370     38430     38431     38491     38492     38552
     38553     38613     38614     38674     38675     38735     38736     38796
     38797     38857     38858     38918     38919     38979     38980     39040
     39041     39101     39102     39162     39163     39223     39224     39284
     39285     39345     39346     39406     39407     39467     39468     39528
     39529     39589     39590     39650     39651     39711     39712     39772
     39773     39833     39834     39894     39895     39955     39956     40016
     40017     40077     40078     40138     40139     40199     40200     40260
     40261     40321     40322     40382     40383     40443     40444     40504
     40505     40565     40566     40626     40627     40687     40688     40748
     40749     40809     40810     40870     40871     40931     40932     40992
     40993     41053     41054     41114     41115     41175     41176     41236
     41237     41297     41298     41358     41359     41419     41420     41480
     41481     41541     41542     41602     41603     41663     41664     41724
     41725     41785     41786     41846     41847     41907     41908     41968
     41969     42029     42030     42090     42091     42151     42152     42212
     42213     42273     42274     42334     42335     42395     42396     42456
     42457     42517     42518     42578     42579     42639     42640     42700
     42701     42761     42762     42822     42823     42883     42884     42944
     42945     43005     43006     43066     43067     43127     43128     43188
     43189     43249     43250     43310     43311     43371     43372     43432
     43433     43493     43494     43554     43555     43615     43616     43676
     43677     43737     43738     43798     43799     43859     43860     43920
     43921     43981     43982     44042     44043     44103     44104     44164
     44165     44225     44226     44286     44287     44347     44348     44408
     44409     44469     44470     44530     44531     44591     44592     44652
     44653     44713     44714     44774     44775     44835     44836     44896
     44897     44957     44958     45018     45019     45079     45080     45140
     45141     45201     45202     45262     45263     45323     45324     45384
     45385     45445     45446     45506     45507     45567     45568     45628
     45629     45689     45690     45750     45751     45811     45812     45872
     45873     45933     45934     45994     45995     46055     46056     46116
     46117     46177     46178     46238     46239     46299     46300     46360
     46361     46421     46422     46482     46483     46543     46544     46604
     46605     46665     46666     46726     46727     46787     46788     46848
     46849     46909     46910     46970     46971     47031     47032     47092
     47093     47153     47154     47214     47215     47275     47276     47336
     47337     47397     47398     47458     47459     47519     47520     47580
     47581     47641     47642     47702     47703     47763     47764     47824
     47825     47885     47886     47946     47947     48007     48008     48068
     48069     48129     48130     48190     48191     48251     48252     48312
     48313     48373     48374     48434     48435     48495     48496     48556
     48557     48617     48618     48678     48679     48739     48740     48800
     48801     48861     48862     48922     48923     48983     48984     49044
     49045     49105     49106     49166     49167     49227     49228     49288
     49289     49349     49350     49410     49411     49471     49472     49532
     49533     49593     49594     49654     49655     49715     49716     49776
     49777     49837     49838     49898     49899     49959     49960     50020
     50021     50081     50082     50142     50143     50203     50204     50264
     50265     50325     50326     50386     50387     50447     50448     50508
     50509     50569     50570     50630     50631     50691     50692     50752
     50753     50813     50814     50874     50875     50935     50936     50996
     50997     51057     51058     51118     51119     51179     51180     51240
     51241     51301     51302     51362     51363     51423     51424     51484
     51485     51545     51546     51606     51607     51667     51668     51728
     51729     51789     51790     51850     51851     51911     51912     51972
     51973     52033     52034     52094     52095     52155     52156     52216
     52217     52277     52278     52338     52339     52399     52400     52460
     52461     52521     52522     52582     52583     52643     52644     52704
     52705     52765     52766     52826     52827     52887     52888     52948
     52949     53009     53010     53070     53071     53131     53132     53192
     53193     53253     53254     53314     53315     53375     53376     53436
     53437     53497     53498     53558     53559     53619     53620     53680
     53681     53741     53742     53802     53803     53863     53864     53924
     53925     53985     53986     54046     54047     54107     54108     54168
     54169     54229     54230     54290     54291     54351     54352     54412
     54413     54473     54474     54534     54535     54595     54596     54656
     54657     54717     54718     54778     54779     54839     54840     54900
     54901     54961     54962     55022     55023     55083     55084     55144
     55145     55205     55206     55266     55267     55327     55328     55388
     55389     55449     55450     55510     55511     55571     55572     55632
     55633     55693     55694     55754     55755     55815         0         0
*SET_NODE_LIST_TITLE
bound_node_y_list
         3       0.0       0.0       0.0       0.0MECH
         1         2         3         4         5         6         7         8
         9        10        11        12        13        14        15        16
        17        18        19        20        21        22        23        24
        25        26        27        28        29        30        31        32
        33        34        35        36        37        38        39        40
        41        42        43        44        45        46        47        48
        49        50        51        52        53        54        55        56
        57        58        59        60        61      3661      3662      3663
      3664      3665      3666      3667      3668      3669      3670      3671
      3672      3673      3674      3675      3676      3677      3678      3679
      3680      3681      3682      3683      3684      3685      3686      3687
      3688      3689      3690      3691      3692      3693      3694      3695
      3696      3697      3698      3699      3700      3701      3702      3703
      3704      3705      3706      3707      3708      3709      3710      3711
      3712      3713      3714      3715      3716      3717      3718      3719
      3720      3721      3722      3723      3724      3725      3726      3727
      3728      3729      3730      3731      3732      3733      3734      3735
      3736      3737      3738      3739      3740      3741      3742      3743
      3744      3745      3746      3747      3748      3749      3750      3751
      3752      3753      3754      3755      3756      3757      3758      3759
      3760      3761      3762      3763      3764      3765      3766      3767
      3768      3769      3770      3771      3772      3773      3774      3775
      3776      3777      3778      3779      3780      3781      3782      7382
      7383      7384      7385      7386      7387      7388      7389      7390
      7391      7392      7393      7394      7395      7396      7397      7398
      7399      7400      7401      7402      7403      7404      7405      7406
      7407      7408      7409      7410      7411      7412      7413      7414
      7415      7416      7417      7418      7419      7420      7421      7422
      7423      7424      7425      7426      7427      7428      7429      7430
      7431      7432      7433      7434      7435      7436      7437      7438
      7439      7440      7441      7442      7443      7444      7445      7446
      7447      7448      7449      7450      7451      7452      7453      7454
      7455      7456      7457      7458      7459      7460      7461      7462
      7463      7464      7465      7466      7467      7468      7469      7470
      7471      7472      7473      7474      7475      7476      7477      7478
      7479      7480      7481      7482      7483      7484      7485      7486
      7487      7488      7489      7490      7491      7492      7493      7494
      7495      7496      7497      7498      7499      7500      7501      7502
      7503     11103     11104     11105     11106     11107     11108     11109
     11110     11111     11112     11113     11114     11115     11116     11117
     11118     11119     11120     11121     11122     11123     11124     11125
     11126     11127     11128     11129     11130     11131     11132     11133
     11134     11135     11136     11137     11138     11139     11140     11141
     11142     11143     11144     11145     11146     11147     11148     11149
     11150     11151     11152     11153     11154     11155     11156     11157
     11158     11159     11160     11161     11162     11163     11164     11165
     11166     11167     11168     11169     11170     11171     11172     11173
     11174     11175     11176     11177     11178     11179     11180     11181
     11182     11183     11184     11185     11186     11187     11188     11189
     11190     11191     11192     11193     11194     11195     11196     11197
     11198     11199     11200     11201     11202     11203     11204     11205
     11206     11207     11208     11209     11210     11211     11212     11213
     11214     11215     11216     11217     11218     11219     11220     11221
     11222     11223     11224     14824     14825     14826     14827     14828
     14829     14830     14831     14832     14833     14834     14835     14836
     14837     14838     14839     14840     14841     14842     14843     14844
     14845     14846     14847     14848     14849     14850     14851     14852
     14853     14854     14855     14856     14857     14858     14859     14860
     14861     14862     14863     14864     14865     14866     14867     14868
     14869     14870     14871     14872     14873     14874     14875     14876
     14877     14878     14879     14880     14881     14882     14883     14884
     14885     14886     14887     14888     14889     14890     14891     14892
     14893     14894     14895     14896     14897     14898     14899     14900
     14901     14902     14903     14904     14905     14906     14907     14908
     14909     14910     14911     14912     14913     14914     14915     14916
     14917     14918     14919     14920     14921     14922     14923     14924
     14925     14926     14927     14928     14929     14930     14931     14932
     14933     14934     14935     14936     14937     14938     14939     14940
     14941     14942     14943     14944     14945     18545     18546     18547
     18548     18549     18550     18551     18552     18553     18554     18555
     18556     18557     18558     18559     18560     18561     18562     18563
     18564     18565     18566     18567     18568     18569     18570     18571
     18572     18573     18574     18575     18576     18577     18578     18579
     18580     18581     18582     18583     18584     18585     18586     18587
     18588     18589     18590     18591     18592     18593     18594     18595
     18596     18597     18598     18599     18600     18601     18602     18603
     18604     18605     18606     18607     18608     18609     18610     18611
     18612     18613     18614     18615     18616     18617     18618     18619
     18620     18621     18622     18623     18624     18625     18626     18627
     18628     18629     18630     18631     18632     18633     18634     18635
     18636     18637     18638     18639     18640     18641     18642     18643
     18644     18645     18646     18647     18648     18649     18650     18651
     18652     18653     18654     18655     18656     18657     18658     18659
     18660     18661     18662     18663     18664     18665     18666     22266
     22267     22268     22269     22270     22271     22272     22273     22274
     22275     22276     22277     22278     22279     22280     22281     22282
     22283     22284     22285     22286     22287     22288     22289     22290
     22291     22292     22293     22294     22295     22296     22297     22298
     22299     22300     22301     22302     22303     22304     22305     22306
     22307     22308     22309     22310     22311     22312     22313     22314
     22315     22316     22317     22318     22319     22320     22321     22322
     22323     22324     22325     22326     22327     22328     22329     22330
     22331     22332     22333     22334     22335     22336     22337     22338
     22339     22340     22341     22342     22343     22344     22345     22346
     22347     22348     22349     22350     22351     22352     22353     22354
     22355     22356     22357     22358     22359     22360     22361     22362
     22363     22364     22365     22366     22367     22368     22369     22370
     22371     22372     22373     22374     22375     22376     22377     22378
     22379     22380     22381     22382     22383     22384     22385     22386
     22387     25987     25988     25989     25990     25991     25992     25993
     25994     25995     25996     25997     25998     25999     26000     26001
     26002     26003     26004     26005     26006     26007     26008     26009
     26010     26011     26012     26013     26014     26015     26016     26017
     26018     26019     26020     26021     26022     26023     26024     26025
     26026     26027     26028     26029     26030     26031     26032     26033
     26034     26035     26036     26037     26038     26039     26040     26041
     26042     26043     26044     26045     26046     26047     26048     26049
     26050     26051     26052     26053     26054     26055     26056     26057
     26058     26059     26060     26061     26062     26063     26064     26065
     26066     26067     26068     26069     26070     26071     26072     26073
     26074     26075     26076     26077     26078     26079     26080     26081
     26082     26083     26084     26085     26086     26087     26088     26089
     26090     26091     26092     26093     26094     26095     26096     26097
     26098     26099     26100     26101     26102     26103     26104     26105
     26106     26107     26108     29708     29709     29710     29711     29712
     29713     29714     29715     29716     29717     29718     29719     29720
     29721     29722     29723     29724     29725     29726     29727     29728
     29729     29730     29731     29732     29733     29734     29735     29736
     29737     29738     29739     29740     29741     29742     29743     29744
     29745     29746     29747     29748     29749     29750     29751     29752
     29753     29754     29755     29756     29757     29758     29759     29760
     29761     29762     29763     29764     29765     29766     29767     29768
     29769     29770     29771     29772     29773     29774     29775     29776
     29777     29778     29779     29780     29781     29782     29783     29784
     29785     29786     29787     29788     29789     29790     29791     29792
     29793     29794     29795     29796     29797     29798     29799     29800
     29801     29802     29803     29804     29805     29806     29807     29808
     29809     29810     29811     29812     29813     29814     29815     29816
     29817     29818     29819     29820     29821     29822     29823     29824
     29825     29826     29827     29828     29829     33429     33430     33431
     33432     33433     33434     33435     33436     33437     33438     33439
     33440     33441     33442     33443     33444     33445     33446     33447
     33448     33449     33450     33451     33452     33453     33454     33455
     33456     33457     33458     33459     33460     33461     33462     33463
     33464     33465     33466     33467     33468     33469     33470     33471
     33472     33473     33474     33475     33476     33477     33478     33479
     33480     33481     33482     33483     33484     33485     33486     33487
     33488     33489     33490     33491     33492     33493     33494     33495
     33496     33497     33498     33499     33500     33501     33502     33503
     33504     33505     33506     33507     33508     33509     33510     33511
     33512     33513     33514     33515     33516     33517     33518     33519
     33520     33521     33522     33523     33524     33525     33526     33527
     33528     33529     33530     33531     33532     33533     33534     33535
     33536     33537     33538     33539     33540     33541     33542     33543
     33544     33545     33546     33547     33548     33549     33550     37150
     37151     37152     37153     37154     37155     37156     37157     37158
     37159     37160     37161     37162     37163     37164     37165     37166
     37167     37168     37169     37170     37171     37172     37173     37174
     37175     37176     37177     37178     37179     37180     37181     37182
     37183     37184     37185     37186     37187     37188     37189     37190
     37191     37192     37193     37194     37195     37196     37197     37198
     37199     37200     37201     37202     37203     37204     37205     37206
     37207     37208     37209     37210     37211     37212     37213     37214
     37215     37216     37217     37218     37219     37220     37221     37222
     37223     37224     37225     37226     37227     37228     37229     37230
     37231     37232     37233     37234     37235     37236     37237     37238
     37239     37240     37241     37242     37243     37244     37245     37246
     37247     37248     37249     37250     37251     37252     37253     37254
     37255     37256     37257     37258     37259     37260     37261     37262
     37263     37264     37265     37266     37267     37268     37269     37270
     37271     40871     40872     40873     40874     40875     40876     40877
     40878     40879     40880     40881     40882     40883     40884     40885
     40886     40887     40888     40889     40890     40891     40892     40893
     40894     40895     40896     40897     40898     40899     40900     40901
     40902     40903     40904     40905     40906     40907     40908     40909
     40910     40911     40912     40913     40914     40915     40916     40917
     40918     40919     40920     40921     40922     40923     40924     40925
     40926     40927     40928     40929     40930     40931     40932     40933
     40934     40935     40936     40937     40938     40939     40940     40941
     40942     40943     40944     40945     40946     40947     40948     40949
     40950     40951     40952     40953     40954     40955     40956     40957
     40958     40959     40960     40961     40962     40963     40964     40965
     40966     40967     40968     40969     40970     40971     40972     40973
     40974     40975     40976     40977     40978     40979     40980     40981
     40982     40983     40984     40985     40986     40987     40988     40989
     40990     40991     40992     44592     44593     44594     44595     44596
     44597     44598     44599     44600     44601     44602     44603     44604
     44605     44606     44607     44608     44609     44610     44611     44612
     44613     44614     44615     44616     44617     44618     44619     44620
     44621     44622     44623     44624     44625     44626     44627     44628
     44629     44630     44631     44632     44633     44634     44635     44636
     44637     44638     44639     44640     44641     44642     44643     44644
     44645     44646     44647     44648     44649     44650     44651     44652
     44653     44654     44655     44656     44657     44658     44659     44660
     44661     44662     44663     44664     44665     44666     44667     44668
     44669     44670     44671     44672     44673     44674     44675     44676
     44677     44678     44679     44680     44681     44682     44683     44684
     44685     44686     44687     44688     44689     44690     44691     44692
     44693     44694     44695     44696     44697     44698     44699     44700
     44701     44702     44703     44704     44705     44706     44707     44708
     44709     44710     44711     44712     44713     48313     48314     48315
     48316     48317     48318     48319     48320     48321     48322     48323
     48324     48325     48326     48327     48328     48329     48330     48331
     48332     48333     48334     48335     48336     48337     48338     48339
     48340     48341     48342     48343     48344     48345     48346     48347
     48348     48349     48350     48351     48352     48353     48354     48355
     48356     48357     48358     48359     48360     48361     48362     48363
     48364     48365     48366     48367     48368     48369     48370     48371
     48372     48373     48374     48375     48376     48377     48378     48379
     48380     48381     48382     48383     48384     48385     48386     48387
     48388     48389     48390     48391     48392     48393     48394     48395
     48396     48397     48398     48399     48400     48401     48402     48403
     48404     48405     48406     48407     48408     48409     48410     48411
     48412     48413     48414     48415     48416     48417     48418     48419
     48420     48421     48422     48423     48424     48425     48426     48427
     48428     48429     48430     48431     48432     48433     48434     52034
     52035     52036     52037     52038     52039     52040     52041     52042
     52043     52044     52045     52046     52047     52048     52049     52050
     52051     52052     52053     52054     52055     52056     52057     52058
     52059     52060     52061     52062     52063     52064     52065     52066
     52067     52068     52069     52070     52071     52072     52073     52074
     52075     52076     52077     52078     52079     52080     52081     52082
     52083     52084     52085     52086     52087     52088     52089     52090
     52091     52092     52093     52094     52095     52096     52097     52098
     52099     52100     52101     52102     52103     52104     52105     52106
     52107     52108     52109     52110     52111     52112     52113     52114
     52115     52116     52117     52118     52119     52120     52121     52122
     52123     52124     52125     52126     52127     52128     52129     52130
     52131     52132     52133     52134     52135     52136     52137     52138
     52139     52140     52141     52142     52143     52144     52145     52146
     52147     52148     52149     52150     52151     52152     52153     52154
     52155     55755     55756     55757     55758     55759     55760     55761
     55762     55763     55764     55765     55766     55767     55768     55769
     55770     55771     55772     55773     55774     55775     55776     55777
     55778     55779     55780     55781     55782     55783     55784     55785
     55786     55787     55788     55789     55790     55791     55792     55793
     55794     55795     55796     55797     55798     55799     55800     55801
     55802     55803     55804     55805     55806     55807     55808     55809
     55810     55811     55812     55813     55814     55815         0         0
*BOUNDARY_SPC_SET_ID
         0Boundary_Z
         1         0         1         1         1         1         1         1
*BOUNDARY_SPC_SET_ID
         0Boundary_X
         2         0         1         0         0         0         0         0
*BOUNDARY_SPC_SET_ID
         0Boundary_Y
         3         0         0         1         0         0         0         0
*SET_PART_LIST_TITLE
Target set
         1       0.0       0.0       0.0       0.0MECH
         1         0         0         0         0         0         0         0
*CONTROL_IMPLICIT_AUTO
$#   iauto    iteopt    itewin     dtmin     dtmax     dtexp     kfail    kcycle
         1        11         51.0000E-11       0.1       0.0         0         0
*CONTROL_IMPLICIT_GENERAL
$#  imflag       dt0    imform      nsbs       igs     cnstn      form    zero_v
         11.00000E-8         2         1         2         0         0         0
*CONTROL_TERMINATION
$#  endtim    endcyc     dtmin    endeng    endmas      
      0.01         0       0.0       0.01.000000E8
*SECTION_SOLID
$#   secid    elform       aet   
         1         1         0
*CONTROL_ACCURACY
$#     osu       inn    pidosu      iacc    
         1         1         1         1
*CONTROL_ENERGY
$#    hgen      rwen    slnten     rylen     
         2         1         2         1
*CONTROL_HOURGLASS
$#     ihq        qh  
         1       0.1
*HOURGLASS
$#    hgid       ihq        qm       ibq        q1        q2    qb/vdc        qw
         1         5       0.1         0       1.5      0.06       0.1       0.1
*PART
$#                                                                         title
Target
$#     pid     secid       mid     eosid      hgid      grav    adpopt      tmid
         1         1         1         0         1         0         0         0